INTELSAT 902 (IS-902)   
1 26900U 01039A   26201.55062556 -.00000288  00000+0  00000+0 0  9992
2 26900   6.1979  71.3707 0004326  47.4356 327.6434  1.00273120 91038
INTELSAT 904 (IS-904)   
1 27380U 02007A   26201.39821969 -.00000231  00000+0  00000+0 0  9992
2 27380   7.0008  68.7831 0005213  27.6483 313.6153  1.00273916 52098
DIRECTV 5 (TEMPO 1)     
1 27426U 02023A   26201.59655867 -.00000061  00000+0  00000+0 0  9996
2 27426   4.9610  74.8924 0003088  42.7863 285.3386  1.00271834 88452
INTELSAT 905 (IS-905)   
1 27438U 02027A   26201.73358698  .00000089  00000+0  00000+0 0  9990
2 27438   6.8362  69.3914 0003494  49.0610 306.9325  1.00271576 51691
GALAXY 3C (G-3C)        
1 27445U 02030A   26201.81338093 -.00000155  00000+0  00000+0 0  9993
2 27445   3.8191  77.5444 0001787  29.1516  29.8585  1.00271318 46835
INTELSAT 906 (IS-906)   
1 27513U 02041A   26201.76899962  .00000009  00000+0  00000+0 0  9999
2 27513   5.8840  72.5031 0003438  30.0569 176.9758  1.00271023 87367
GALAXY 13 (HORIZONS-1)  
1 27954U 03044A   26201.73116030  .00000131  00000+0  00000+0 0  9993
2 27954   1.5027  83.4259 0002088  40.2105 288.0824  1.00273766 46908
INTELSAT 10-02          
1 28358U 04022A   26201.83201433 -.00000011  00000+0  00000+0 0  9990
2 28358   0.0550 255.2491 0000180 301.0996  40.7723  1.00272527 80897
DIRECTV 8               
1 28659U 05019A   26201.66603940  .00000000  00000+0  00000+0 0  9998
2 28659   0.0181  67.0316 0003134  57.5153 294.6071  1.00272774 77409
GALAXY 28 (G-28)        
1 28702U 05022A   26201.83239435 -.00000203  00000+0  00000+0 0  9990
2 28702   3.3820  78.5159 0002355  36.5724  96.0766  1.00272149 52315
GALAXY 16 (G-16)        
1 29236U 06023A   26201.88387778 -.00000127  00000+0  00000+0 0  9999
2 29236   0.0252 136.5735 0002738 343.8353  37.4236  1.00271667 73311
DIRECTV 9S              
1 29494U 06043A   26201.66959275 -.00000116  00000+0  00000+0 0  9998
2 29494   2.5051  80.5002 0005135  33.8014 323.9867  1.00271745 51710
GALAXY 17 (G-17)        
1 31307U 07016B   26201.88665112 -.00000208  00000+0  00000+0 0  9995
2 31307   3.0544  79.4779 0003465  34.1394  59.2101  1.00273457 70146
INTELSAT 11 (IS-11)     
1 32253U 07044B   26201.82776765 -.00000238  00000+0  00000+0 0  9991
2 32253   3.6509  78.2615 0004468  99.1900  37.0204  0.99053126 68789
HORIZONS-2              
1 32388U 07063B   26201.88890447 -.00000255  00000+0  00000+0 0  9990
2 32388   2.6869  80.2146 0003661  19.7504  84.8958  1.00272476 68151
DIRECTV 11              
1 32729U 08013A   26201.88379111 -.00000126  00000+0  00000+0 0  9992
2 32729   0.0031 222.3695 0000099 209.2691  85.9806  1.00271196 45939
GALAXY 18 (G-18)        
1 32951U 08024A   26201.84380439  .00000025  00000+0  00000+0 0  9999
2 32951   0.0093  20.6973 0002959 100.1422 358.5326  1.00273975 46192
GALAXY 19 (G-19)        
1 33376U 08045A   26201.88422446 -.00000139  00000+0  00000+0 0  9990
2 33376   0.0643 254.2131 0002610 236.6090  29.1428  1.00271480 65246
FM-5                    
1 35493U 09034A   26201.88639112 -.00000200  00000+0  00000+0 0  9990
2 35493   0.0434 255.1191 0000964 122.7104 153.7531  1.00271876 46981
INTELSAT 14 (IS-14)     
1 36097U 09064A   26201.84350374 -.00000274  00000+0  00000+0 0  9991
2 36097   0.0179  49.4627 0002552  72.8186  74.9853  1.00271917 60945
INTELSAT 15 (IS-15)     
1 36106U 09067A   26201.77776076 -.00000186  00000+0  00000+0 0  9990
2 36106   0.0176  52.8679 0002294  65.1597 185.6596  1.00272390 41569
DIRECTV 12              
1 36131U 09075A   26201.88309778 -.00000103  00000+0  00000+0 0  9999
2 36131   0.0300 198.3127 0000246  13.1716 302.3558  1.00272153 46895
INTELSAT 16 (IS-16)     
1 36397U 10006A   26201.88838447 -.00000245  00000+0  00000+0 0  9996
2 36397   0.0190 317.3673 0002663 181.1042  43.7883  1.00270852 59994
XM-5                    
1 37185U 10053A   26201.73774700 -.00000023  00000+0  00000+0 0  9993
2 37185   0.0642 264.9611 0001126 320.3625 223.5743  1.00270619 57822
INTELSAT 17 (IS-17)     
1 37238U 10065B   26201.91652029 -.00000002  00000+0  00000+0 0  9991
2 37238   0.0121  98.1193 0002575  34.8751 201.6393  1.00272873 53582
INTELSAT 28 (IS-28)     
1 37392U 11016A   26201.95110091 -.00000226  00000+0  00000+0 0  9999
2 37392   1.8914  82.2146 0003935  42.5078 124.6817  1.00271490 53627
INTELSAT 18 (IS-18)     
1 37834U 11056A   26201.86784439  .00000052  00000+0  00000+0 0  9993
2 37834   0.0224 288.7330 0001935 196.8722 305.4420  1.00271176 54146
INTELSAT 22 (IS-22)     
1 38098U 12011A   26201.93458914 -.00000059  00000+0  00000+0 0  9990
2 38098   0.0057  17.3870 0002045 124.9513 204.9141  1.00272115  7528
INTELSAT 19 (IS-19)     
1 38356U 12030A   26201.86507103 -.00000057  00000+0  00000+0 0  9993
2 38356   0.0172  43.5893 0003088  75.2460 297.2108  1.00272817 50789
INTELSAT 20 (IS-20)     
1 38740U 12043A   26201.91704029 -.00000024  00000+0  00000+0 0  9990
2 38740   0.0156  78.6851 0001451 105.9822 152.6505  1.00271607 51081
INTELSAT 21 (IS-21)     
1 38749U 12045A   26201.89202448 -.00000285  00000+0  00000+0 0  9995
2 38749   0.0402 248.0035 0001810 241.3346  72.4535  1.00271455 50864
INTELSAT 23 (IS-23)     
1 38867U 12057A   26201.84350374 -.00000285  00000+0  00000+0 0  9996
2 38867   0.0187  24.4340 0000474 102.8760  61.9590  1.00276145 50298
FM-6                    
1 39360U 13058A   26201.73774700 -.00000016  00000+0  00000+0 0  9990
2 39360   0.0054  49.4768 0001255 129.9372 268.3240  1.00270123 46401
INTELSAT 30 (IS-30)     
1 40271U 14062A   26201.88465779 -.00000151  00000+0  00000+0 0  9998
2 40271   0.0151  52.5627 0001762 341.1771 128.3445  1.00272115  7137
DIRECTV 14              
1 40333U 14078B   26201.44975230 -.00000127  00000+0  00000+0 0  9997
2 40333   0.0151  57.4012 0000485 335.1034 328.3806  1.00274313 42374
DIRECTV 15              
1 40663U 15026A   26201.88309778 -.00000102  00000+0  00000+0 0  9996
2 40663   0.0209  79.6414 0000395 336.2618  97.7754  1.00271377 40808
SKY MEXICO-1            
1 40664U 15026B   26201.88786447 -.00000234  00000+0  00000+0 0  9995
2 40664   0.0299 268.7762 0002633 224.8377  45.8734  1.00270842 40792
INTELSAT 34 (IS-34)     
1 40874U 15039A   26201.74988038 -.00000286  00000+0  00000+0 0  9994
2 40874   0.0123 344.4602 0000728  41.9549 126.5734  1.00272186 39976
INTELSAT 31 (IS-31)     
1 41581U 16035A   26201.88465779 -.00000151  00000+0  00000+0 0  9995
2 41581   0.0298 262.5411 0001006  50.7827 208.7579  1.00271338 37022
INTELSAT 36 (IS-36)     
1 41747U 16053A   26201.91704029 -.00000024  00000+0  00000+0 0  9996
2 41747   0.0094  23.9070 0002424 325.0815 348.3206  1.00271603 36291
INTELSAT 32E (IS-32E)   
1 41945U 17007B   26201.58341949 -.00000270  00000+0  00000+0 0  9990
2 41945   0.0128  27.7863 0000632 350.1536  87.2632  1.00273345 34564
INTELSAT 35E (IS-35E)   
1 42818U 17041A   26201.83794926  .00000000  00000+0  00000+0 0  9993
2 42818   0.0213  57.1209 0002175  59.2462  89.4146  1.00269814 33153
INTELSAT 37E (IS-37E)   
1 42950U 17059A   26201.82863432 -.00000141  00000+0  00000+0 0  9994
2 42950   0.0186  65.5236 0002850  58.2327  95.1452  1.00272334 32403
AZERSPACE 2 (IS-38)     
1 43632U 18074A   26201.91236028  .00000136  00000+0  00000+0 0  9998
2 43632   0.0166  52.9735 0001482  64.4532 194.8079  1.00272103 28782
HORIZONS-3E             
1 43633U 18074B   26201.56225552 -.00000032  00000+0  00000+0 0  9996
2 43633   0.0423 238.4699 0000569  58.8170  12.4432  1.00271973 28679
AT&T T-16               
1 44333U 19034A   26201.72266681 -.00000115  00000+0  00000+0 0  9999
2 44333   0.0140  69.7828 0000549 297.6234  90.3851  1.00269337 25975
INTELSAT 39 (IS-39)     
1 44476U 19049B   26201.74469420  .00000000  00000+0  00000+0 0  9993
2 44476   0.0184  50.2484 0000185 231.2802 347.0224  1.00259151 25468
GALAXY 30 (G-30)        
1 46114U 20056C   26201.66482606  .00000036  00000+0  00000+0 0  9995
2 46114   0.0184  58.7653 0002159  56.9350 297.0671  1.00270661 21626
GALAXY 33 (G-33)        
1 54026U 22128A   26201.73454032  .00000078  00000+0  00000+0 0  9994
2 54026   0.0184 315.6670 0001801 166.6525 307.6068  1.00275650 14079
GALAXY 34 (G-34)        
1 54027U 22128B   26201.66404606  .00000000  00000+0  00000+0 0  9994
2 54027   0.0167  50.8823 0001858  70.9665 286.6531  1.00274627 14246
GALAXY 31 (G-31)        
1 54243U 22153A   26201.66569273  .00000012  00000+0  00000+0 0  9997
2 54243   0.0033 232.6164 0001253 248.9777 295.4788  1.00272888  7461
GALAXY 32 (G-32)        
1 54244U 22153B   26201.81407426 -.00000174  00000+0  00000+0 0  9996
2 54244   0.0098  38.3156 0001456  14.6512  87.6828  1.00271812 13486
GALAXY 35 (G-35)        
1 54741U 22170A   26201.88500446 -.00000162  00000+0  00000+0 0  9997
2 54741   0.0212  95.3515 0002019  21.4214  47.3721  1.00272204 13233
GALAXY 36 (G-36)        
1 54742U 22170B   26201.88587112 -.00000185  00000+0  00000+0 0  9998
2 54742   0.0203 134.1495 0002740 326.3461  68.0685  1.00271679 13116
GALAXY 37 (G-37)        
1 57493U 23112A   26201.59317865  .00000047  00000+0  00000+0 0  9991
2 57493   0.0202  57.4932 0002043  59.4893 267.9196  1.00272474 10874
